Open bnd:         0
Land bnd:         2
 land bnd #           1           3           2           1
 land bnd #           2           1           4           7          10
          13          16          19          22          25          28
          31          34          37          40          43          46
          49          52          55          58          61          64
          67          70          73          76          79          82
          85          88          91          94          97         100
         103         106         109         112         115         118
         121         124         127         130         133         136
         139         142         145         148         151         154
         157         160         163         166         169         172
         175         178         181         184         187         190
         193         196         199         202         205         208
         211         214         217         220         223         226
         229         232         235         238         241         244
         247         250         253         256         259         262
         265         268         271         274         277         280
         283         286         289         292         295         298
         301         304         307         310         313         316
         319         322         325         328         331         334
         337         340         343         346         349         352
         355         358         361         364         367         370
         373         376         379         382         385         388
         391         394         397         400         403         406
         409         412         415         418         421         424
         427         430         433         436         439         442
         445         448         451         454         457         460
         463         466         469         472         475         478
         481         484         487         490         493         496
         499         502         505         508         511         514
         517         520         523         526         529         532
         535         538         541         544         547         550
         553         556         559         562         565         568
         571         574         577         580         583         586
         589         592         595         598         601         604
         607         610         613         616         619         622
         625         628         631         634         637         640
         643         646         649         652         655         658
         661         664         667         670         673         676
         679         682         685         688         691         694
         697         700         703         706         709         712
         715         718         721         724         727         730
         733         736         739         742         745         748
         751         754         757         760         763         766
         769         772         775         778         781         784
         787         790         793         796         799         802
         805         808         811         814         817         820
         823         826         829         832         835         838
         841         844         847         850         853         856
         859         862         865         868         871         874
         877         880         883         886         889         892
         895         898         901         904         907         910
         913         916         919         922         925         928
         931         934         937         940         943         946
         949         952         955         958         961         964
         967         970         973         976         979         982
         985         988         991         994         997        1000
        1003        1006        1009        1012        1015        1018
        1021        1024        1027        1030        1033        1036
        1039        1042        1045        1048        1051        1054
        1057        1060        1063        1066        1069        1072
        1075        1078        1081        1084        1087        1090
        1093        1096        1099        1102        1105        1108
        1111        1114        1117        1120        1123        1126
        1129        1132        1135        1138        1141        1144
        1147        1150        1153        1156        1159        1162
        1165        1168        1171        1174        1177        1180
        1183        1186        1189        1192        1195        1198
        1201        1204        1207        1210        1213        1216
        1219        1222        1225        1228        1231        1234
        1237        1240        1243        1246        1249        1252
        1255        1258        1261        1264        1267        1270
        1273        1276        1279        1282        1285        1288
        1291        1294        1297        1300        1303        1306
        1309        1312        1315        1318        1321        1324
        1327        1330        1333        1336        1339        1342
        1345        1348        1351        1354        1357        1360
        1363        1366        1369        1372        1375        1378
        1381        1384        1387        1390        1393        1396
        1399        1402        1405        1408        1411        1414
        1417        1420        1423        1426        1429        1432
        1435        1438        1441        1444        1447        1450
        1453        1456        1459        1462        1465        1468
        1471        1474        1477        1480        1483        1486
        1489        1492        1495        1498        1501        1504
        1507        1510        1513        1516        1519        1522
        1525        1528        1531        1534        1537        1540
        1543        1546        1549        1552        1555        1558
        1561        1564        1567        1570        1573        1576
        1579        1582        1585        1588        1591        1594
        1597        1600        1603        1606        1609        1612
        1615        1618        1621        1624        1627        1630
        1633        1636        1639        1642        1645        1648
        1651        1654        1657        1660        1663        1666
        1669        1672        1675        1678        1681        1684
        1687        1690        1693        1696        1699        1702
        1705        1708        1711        1714        1717        1720
        1723        1726        1729        1732        1735        1738
        1741        1744        1747        1750        1753        1756
        1759        1762        1765        1768        1771        1774
        1777        1780        1783        1786        1789        1792
        1795        1798        1801        1804        1807        1810
        1813        1816        1819        1822        1825        1828
        1831        1834        1837        1840        1843        1846
        1849        1852        1855        1858        1861        1864
        1867        1870        1873        1876        1879        1882
        1885        1888        1891        1894        1897        1900
        1903        1906        1909        1912        1915        1918
        1921        1924        1927        1930        1933        1936
        1939        1942        1945        1948        1951        1954
        1957        1960        1963        1966        1969        1972
        1975        1978        1981        1984        1987        1990
        1993        1996        1999        2002        2005        2008
        2011        2014        2017        2020        2023        2026
        2029        2032        2035        2038        2041        2044
        2047        2050        2053        2056        2059        2062
        2065        2068        2071        2074        2077        2080
        2083        2086        2089        2092        2095        2098
        2101        2104        2107        2110        2113        2116
        2119        2122        2125        2128        2131        2134
        2137        2140        2143        2146        2149        2152
        2155        2158        2161        2164        2167        2170
        2173        2176        2179        2182        2185        2188
        2191        2194        2197        2200        2203        2206
        2209        2212        2215        2218        2221        2224
        2227        2230        2233        2236        2239        2242
        2245        2248        2251        2254        2257        2260
        2263        2266        2269        2272        2275        2278
        2281        2284        2287        2290        2293        2296
        2299        2302        2305        2308        2311        2314
        2317        2320        2323        2326        2329        2332
        2335        2338        2341        2344        2347        2350
        2353        2356        2359        2362        2365        2368
        2371        2374        2377        2380        2383        2386
        2389        2392        2395        2398        2401        2404
        2407        2410        2413        2416        2419        2422
        2425        2428        2431        2434        2437        2440
        2443        2446        2449        2452        2455        2458
        2461        2464        2467        2470        2473        2476
        2479        2482        2485        2488        2491        2494
        2497        2500        2503        2506        2509        2512
        2515        2518        2521        2524        2527        2530
        2533        2536        2539        2542        2545        2548
        2551        2554        2557        2560        2563        2566
        2569        2572        2575        2578        2581        2584
        2587        2590        2593        2596        2599        2602
        2605        2608        2611        2614        2617        2620
        2623        2626        2629        2632        2635        2638
        2641        2644        2647        2650        2653        2656
        2659        2662        2665        2668        2671        2674
        2677        2680        2683        2686        2689        2692
        2695        2698        2701        2704        2707        2710
        2713        2716        2719        2722        2725        2728
        2731        2734        2737        2740        2743        2746
        2749        2752        2755        2758        2761        2764
        2767        2770        2773        2776        2779        2782
        2785        2788        2791        2794        2797        2800
        2803        2806        2809        2812        2815        2818
        2821        2824        2827        2830        2833        2836
        2839        2842        2845        2848        2851        2854
        2857        2860        2863        2866        2869        2872
        2875        2878        2881        2884        2887        2890
        2893        2896        2899        2902        2905        2908
        2911        2914        2917        2920        2923        2926
        2929        2932        2935        2938        2941        2944
        2947        2950        2953        2956        2959        2962
        2965        2968        2971        2974        2977        2980
        2983        2986        2989        2992        2995        2998
        3001        3004        3007        3010        3013        3016
        3019        3022        3025        3028        3031        3034
        3037        3040        3043        3046        3049        3052
        3055        3058        3061        3064        3067        3070
        3073        3076        3079        3082        3085        3088
        3091        3094        3097        3100        3103        3106
        3109        3112        3115        3118        3121        3124
        3127        3130        3133        3136        3139        3142
        3145        3148        3151        3154        3157        3160
        3163        3166        3169        3172        3175        3178
        3181        3184        3187        3190        3193        3196
        3199        3202        3205        3208        3211        3214
        3217        3220        3223        3226        3229        3232
        3235        3238        3241        3244        3247        3250
        3253        3256        3259        3262        3265        3268
        3271        3274        3277        3280        3283        3286
        3289        3292        3295        3298        3301        3304
        3307        3310        3313        3316        3319        3322
        3325        3328        3331        3334        3337        3340
        3343        3346        3349        3352        3355        3358
        3361        3364        3367        3370        3373        3376
        3379        3382        3385        3388        3391        3394
        3397        3400        3403        3406        3409        3412
        3415        3418        3421        3424        3427        3430
        3433        3436        3439        3442        3445        3448
        3451        3454        3457        3460        3463        3466
        3469        3472        3475        3478        3481        3484
        3487        3490        3493        3496        3499        3502
        3505        3508        3511        3514        3517        3520
        3523        3526        3529        3532        3535        3538
        3541        3544        3547        3550        3553        3556
        3559        3562        3565        3568        3571        3574
        3577        3580        3583        3586        3589        3592
        3595        3598        3601        3602        3603        3600
        3597        3594        3591        3588        3585        3582
        3579        3576        3573        3570        3567        3564
        3561        3558        3555        3552        3549        3546
        3543        3540        3537        3534        3531        3528
        3525        3522        3519        3516        3513        3510
        3507        3504        3501        3498        3495        3492
        3489        3486        3483        3480        3477        3474
        3471        3468        3465        3462        3459        3456
        3453        3450        3447        3444        3441        3438
        3435        3432        3429        3426        3423        3420
        3417        3414        3411        3408        3405        3402
        3399        3396        3393        3390        3387        3384
        3381        3378        3375        3372        3369        3366
        3363        3360        3357        3354        3351        3348
        3345        3342        3339        3336        3333        3330
        3327        3324        3321        3318        3315        3312
        3309        3306        3303        3300        3297        3294
        3291        3288        3285        3282        3279        3276
        3273        3270        3267        3264        3261        3258
        3255        3252        3249        3246        3243        3240
        3237        3234        3231        3228        3225        3222
        3219        3216        3213        3210        3207        3204
        3201        3198        3195        3192        3189        3186
        3183        3180        3177        3174        3171        3168
        3165        3162        3159        3156        3153        3150
        3147        3144        3141        3138        3135        3132
        3129        3126        3123        3120        3117        3114
        3111        3108        3105        3102        3099        3096
        3093        3090        3087        3084        3081        3078
        3075        3072        3069        3066        3063        3060
        3057        3054        3051        3048        3045        3042
        3039        3036        3033        3030        3027        3024
        3021        3018        3015        3012        3009        3006
        3003        3000        2997        2994        2991        2988
        2985        2982        2979        2976        2973        2970
        2967        2964        2961        2958        2955        2952
        2949        2946        2943        2940        2937        2934
        2931        2928        2925        2922        2919        2916
        2913        2910        2907        2904        2901        2898
        2895        2892        2889        2886        2883        2880
        2877        2874        2871        2868        2865        2862
        2859        2856        2853        2850        2847        2844
        2841        2838        2835        2832        2829        2826
        2823        2820        2817        2814        2811        2808
        2805        2802        2799        2796        2793        2790
        2787        2784        2781        2778        2775        2772
        2769        2766        2763        2760        2757        2754
        2751        2748        2745        2742        2739        2736
        2733        2730        2727        2724        2721        2718
        2715        2712        2709        2706        2703        2700
        2697        2694        2691        2688        2685        2682
        2679        2676        2673        2670        2667        2664
        2661        2658        2655        2652        2649        2646
        2643        2640        2637        2634        2631        2628
        2625        2622        2619        2616        2613        2610
        2607        2604        2601        2598        2595        2592
        2589        2586        2583        2580        2577        2574
        2571        2568        2565        2562        2559        2556
        2553        2550        2547        2544        2541        2538
        2535        2532        2529        2526        2523        2520
        2517        2514        2511        2508        2505        2502
        2499        2496        2493        2490        2487        2484
        2481        2478        2475        2472        2469        2466
        2463        2460        2457        2454        2451        2448
        2445        2442        2439        2436        2433        2430
        2427        2424        2421        2418        2415        2412
        2409        2406        2403        2400        2397        2394
        2391        2388        2385        2382        2379        2376
        2373        2370        2367        2364        2361        2358
        2355        2352        2349        2346        2343        2340
        2337        2334        2331        2328        2325        2322
        2319        2316        2313        2310        2307        2304
        2301        2298        2295        2292        2289        2286
        2283        2280        2277        2274        2271        2268
        2265        2262        2259        2256        2253        2250
        2247        2244        2241        2238        2235        2232
        2229        2226        2223        2220        2217        2214
        2211        2208        2205        2202        2199        2196
        2193        2190        2187        2184        2181        2178
        2175        2172        2169        2166        2163        2160
        2157        2154        2151        2148        2145        2142
        2139        2136        2133        2130        2127        2124
        2121        2118        2115        2112        2109        2106
        2103        2100        2097        2094        2091        2088
        2085        2082        2079        2076        2073        2070
        2067        2064        2061        2058        2055        2052
        2049        2046        2043        2040        2037        2034
        2031        2028        2025        2022        2019        2016
        2013        2010        2007        2004        2001        1998
        1995        1992        1989        1986        1983        1980
        1977        1974        1971        1968        1965        1962
        1959        1956        1953        1950        1947        1944
        1941        1938        1935        1932        1929        1926
        1923        1920        1917        1914        1911        1908
        1905        1902        1899        1896        1893        1890
        1887        1884        1881        1878        1875        1872
        1869        1866        1863        1860        1857        1854
        1851        1848        1845        1842        1839        1836
        1833        1830        1827        1824        1821        1818
        1815        1812        1809        1806        1803        1800
        1797        1794        1791        1788        1785        1782
        1779        1776        1773        1770        1767        1764
        1761        1758        1755        1752        1749        1746
        1743        1740        1737        1734        1731        1728
        1725        1722        1719        1716        1713        1710
        1707        1704        1701        1698        1695        1692
        1689        1686        1683        1680        1677        1674
        1671        1668        1665        1662        1659        1656
        1653        1650        1647        1644        1641        1638
        1635        1632        1629        1626        1623        1620
        1617        1614        1611        1608        1605        1602
        1599        1596        1593        1590        1587        1584
        1581        1578        1575        1572        1569        1566
        1563        1560        1557        1554        1551        1548
        1545        1542        1539        1536        1533        1530
        1527        1524        1521        1518        1515        1512
        1509        1506        1503        1500        1497        1494
        1491        1488        1485        1482        1479        1476
        1473        1470        1467        1464        1461        1458
        1455        1452        1449        1446        1443        1440
        1437        1434        1431        1428        1425        1422
        1419        1416        1413        1410        1407        1404
        1401        1398        1395        1392        1389        1386
        1383        1380        1377        1374        1371        1368
        1365        1362        1359        1356        1353        1350
        1347        1344        1341        1338        1335        1332
        1329        1326        1323        1320        1317        1314
        1311        1308        1305        1302        1299        1296
        1293        1290        1287        1284        1281        1278
        1275        1272        1269        1266        1263        1260
        1257        1254        1251        1248        1245        1242
        1239        1236        1233        1230        1227        1224
        1221        1218        1215        1212        1209        1206
        1203        1200        1197        1194        1191        1188
        1185        1182        1179        1176        1173        1170
        1167        1164        1161        1158        1155        1152
        1149        1146        1143        1140        1137        1134
        1131        1128        1125        1122        1119        1116
        1113        1110        1107        1104        1101        1098
        1095        1092        1089        1086        1083        1080
        1077        1074        1071        1068        1065        1062
        1059        1056        1053        1050        1047        1044
        1041        1038        1035        1032        1029        1026
        1023        1020        1017        1014        1011        1008
        1005        1002         999         996         993         990
         987         984         981         978         975         972
         969         966         963         960         957         954
         951         948         945         942         939         936
         933         930         927         924         921         918
         915         912         909         906         903         900
         897         894         891         888         885         882
         879         876         873         870         867         864
         861         858         855         852         849         846
         843         840         837         834         831         828
         825         822         819         816         813         810
         807         804         801         798         795         792
         789         786         783         780         777         774
         771         768         765         762         759         756
         753         750         747         744         741         738
         735         732         729         726         723         720
         717         714         711         708         705         702
         699         696         693         690         687         684
         681         678         675         672         669         666
         663         660         657         654         651         648
         645         642         639         636         633         630
         627         624         621         618         615         612
         609         606         603         600         597         594
         591         588         585         582         579         576
         573         570         567         564         561         558
         555         552         549         546         543         540
         537         534         531         528         525         522
         519         516         513         510         507         504
         501         498         495         492         489         486
         483         480         477         474         471         468
         465         462         459         456         453         450
         447         444         441         438         435         432
         429         426         423         420         417         414
         411         408         405         402         399         396
         393         390         387         384         381         378
         375         372         369         366         363         360
         357         354         351         348         345         342
         339         336         333         330         327         324
         321         318         315         312         309         306
         303         300         297         294         291         288
         285         282         279         276         273         270
         267         264         261         258         255         252
         249         246         243         240         237         234
         231         228         225         222         219         216
         213         210         207         204         201         198
         195         192         189         186         183         180
         177         174         171         168         165         162
         159         156         153         150         147         144
         141         138         135         132         129         126
         123         120         117         114         111         108
         105         102          99          96          93          90
          87          84          81          78          75          72
          69          66          63          60          57          54
          51          48          45          42          39          36
          33          30          27          24          21          18
          15          12           9           6           3
